Number of States (n): 10
Number of Actions (m): 4

Action 0:
0.000 0.000 0.000 0.000 0.000 0.000 0.000 0.000 0.000 1.000
0.000 0.000 1.000 0.000 0.000 0.000 0.000 0.000 0.000 0.000
0.000 0.000 0.000 0.000 0.000 0.000 1.000 0.000 0.000 0.000
0.000 0.000 0.000 0.000 0.000 0.000 0.000 0.000 0.000 1.000
0.000 0.000 0.000 0.000 0.000 0.000 0.000 0.000 1.000 0.000
0.000 0.000 0.000 0.000 0.000 0.000 1.000 0.000 0.000 0.000
0.000 0.000 1.000 0.000 0.000 0.000 0.000 0.000 0.000 0.000
0.000 0.000 0.104 0.000 0.000 0.045 0.000 0.851 0.000 0.000
0.000 0.000 1.000 0.000 0.000 0.000 0.000 0.000 0.000 0.000
0.090 0.000 0.000 0.000 0.000 0.000 0.000 0.000 0.000 0.910

Action 1:
0.000 0.000 0.000 0.000 0.000 0.000 0.000 0.000 0.000 1.000
0.000 0.000 0.001 0.000 0.000 0.000 0.000 0.000 0.999 0.000
0.000 0.601 0.000 0.000 0.000 0.000 0.000 0.000 0.000 0.399
0.000 0.000 0.000 0.000 0.000 1.000 0.000 0.000 0.000 0.000
0.000 1.000 0.000 0.000 0.000 0.000 0.000 0.000 0.000 0.000
0.000 0.000 0.896 0.000 0.000 0.000 0.104 0.000 0.000 0.000
0.000 0.000 0.000 0.005 0.659 0.000 0.335 0.000 0.000 0.000
0.000 0.000 0.979 0.000 0.000 0.000 0.000 0.021 0.000 0.000
1.000 0.000 0.000 0.000 0.000 0.000 0.000 0.000 0.000 0.000
0.000 0.000 0.000 0.000 0.000 0.000 0.000 0.009 0.991 0.000

Action 2:
0.000 0.994 0.006 0.000 0.000 0.000 0.000 0.000 0.000 0.000
0.434 0.000 0.566 0.000 0.000 0.000 0.000 0.000 0.000 0.000
0.000 0.000 0.109 0.000 0.007 0.000 0.000 0.000 0.000 0.884
0.000 0.000 0.000 0.022 0.000 0.000 0.000 0.971 0.000 0.007
0.000 0.000 0.000 0.307 0.000 0.000 0.000 0.000 0.693 0.000
0.000 1.000 0.000 0.000 0.000 0.000 0.000 0.000 0.000 0.000
0.000 0.000 0.000 1.000 0.000 0.000 0.000 0.000 0.000 0.000
0.000 0.000 0.000 0.000 0.000 0.029 0.000 0.018 0.000 0.953
0.000 1.000 0.000 0.000 0.000 0.000 0.000 0.000 0.000 0.000
0.000 0.000 0.000 0.006 0.000 0.007 0.000 0.987 0.000 0.000

Action 3:
0.000 0.000 0.000 0.000 1.000 0.000 0.000 0.000 0.000 0.000
0.000 0.000 0.000 0.000 0.000 0.000 0.000 0.000 0.000 1.000
0.000 0.000 0.991 0.000 0.000 0.000 0.009 0.000 0.000 0.000
0.000 0.998 0.000 0.000 0.000 0.000 0.002 0.000 0.000 0.000
0.000 0.000 0.314 0.000 0.000 0.000 0.004 0.000 0.681 0.000
0.002 0.851 0.000 0.000 0.000 0.000 0.000 0.148 0.000 0.000
0.000 0.987 0.013 0.000 0.000 0.000 0.000 0.000 0.000 0.000
0.000 1.000 0.000 0.000 0.000 0.000 0.000 0.000 0.000 0.000
0.000 0.000 0.000 0.000 0.033 0.000 0.000 0.967 0.000 0.000
0.000 0.106 0.000 0.000 0.894 0.000 0.000 0.000 0.000 0.000

Rewards:
0.000000 0.000000 0.000000 0.000000
0.000000 0.000000 0.000000 0.000000
0.000000 0.000000 0.000000 0.000000
0.000000 0.000000 0.000000 0.000000
1.000000 1.000000 1.000000 1.000000
0.000000 0.000000 0.000000 0.000000
0.000000 0.000000 0.000000 0.000000
0.000000 0.000000 0.000000 0.000000
0.000000 0.000000 0.000000 0.000000
0.000000 0.000000 0.000000 0.000000

Non-Stationary Value Function:
 0: 0.000 0.000 0.000 0.000 1.000 0.000 0.000 0.000 0.000 0.000
 1: 1.000 0.000 0.007 0.000 1.000 0.000 0.659 0.000 0.033 0.894
 2: 1.000 0.894 0.799 0.894 1.033 0.659 0.881 0.852 1.000 0.904
 3: 1.033 1.000 0.898 0.904 2.000 0.894 0.981 0.896 1.000 1.018
 4: 2.000 1.018 1.013 1.018 2.000 1.000 1.653 1.013 1.033 1.894
 5: 2.000 1.894 1.799 1.894 2.033 1.653 1.878 1.852 2.000 1.904
 6: 2.033 2.000 1.898 1.904 3.000 1.894 1.980 1.896 2.000 2.018
 7: 3.000 2.018 2.013 2.018 3.000 2.000 2.652 2.013 2.033 2.894
 8: 3.000 2.894 2.799 2.894 3.033 2.652 2.878 2.852 3.000 2.904
 9: 3.033 3.000 2.898 2.904 4.000 2.894 2.980 2.896 3.000 3.018

Solution:
 0: 0 0 0 0 0 0 0 0 0 0
 1: 3 0 2 0 0 0 1 0 3 3
 2: 3 3 2 0 0 0 1 2 1 0
 3: 3 1 1 0 0 2 1 2 1 3
 4: 3 3 2 0 0 2 1 2 1 3
 5: 3 3 2 0 0 0 1 2 1 0
 6: 3 1 1 0 0 2 1 2 1 3
 7: 3 3 2 0 0 2 1 2 1 3
 8: 3 3 2 0 0 0 1 2 1 0
 9: 3 1 1 0 0 2 1 2 1 3
