Number of States (n): 10
Number of Actions (m): 4

Action 0:
0.000 0.000 0.000 0.000 0.000 1.000 0.000 0.000 0.000 0.000
0.000 0.002 0.000 0.000 0.000 0.000 0.000 0.005 0.000 0.992
0.000 0.000 0.456 0.000 0.000 0.000 0.535 0.000 0.009 0.000
0.000 0.000 0.000 0.000 0.000 0.000 0.000 0.000 1.000 0.000
0.000 0.000 0.000 0.000 0.000 0.000 0.000 0.000 0.000 1.000
0.000 0.000 0.001 0.000 0.000 0.999 0.000 0.000 0.000 0.000
0.009 0.000 0.000 0.000 0.000 0.991 0.000 0.000 0.000 0.000
0.000 0.000 0.000 1.000 0.000 0.000 0.000 0.000 0.000 0.000
1.000 0.000 0.000 0.000 0.000 0.000 0.000 0.000 0.000 0.000
0.000 0.000 0.000 0.000 0.000 0.000 0.000 1.000 0.000 0.000

Action 1:
0.478 0.000 0.000 0.522 0.000 0.000 0.000 0.000 0.000 0.000
0.000 0.000 0.000 0.000 0.728 0.000 0.000 0.272 0.000 0.000
0.000 0.000 0.000 0.000 0.000 0.000 0.000 1.000 0.000 0.000
0.003 0.916 0.000 0.000 0.080 0.000 0.001 0.000 0.000 0.000
0.000 0.000 0.000 0.000 0.000 0.000 0.025 0.000 0.000 0.975
0.000 0.000 0.000 0.862 0.000 0.000 0.000 0.000 0.137 0.000
0.000 1.000 0.000 0.000 0.000 0.000 0.000 0.000 0.000 0.000
0.935 0.000 0.000 0.037 0.000 0.028 0.000 0.000 0.000 0.000
0.000 0.000 0.000 0.000 1.000 0.000 0.000 0.000 0.000 0.000
0.000 0.196 0.000 0.000 0.000 0.000 0.000 0.000 0.804 0.000

Action 2:
0.000 0.000 0.000 1.000 0.000 0.000 0.000 0.000 0.000 0.000
0.000 0.000 0.000 0.983 0.017 0.000 0.000 0.000 0.000 0.000
0.662 0.000 0.000 0.000 0.000 0.163 0.000 0.174 0.000 0.000
0.535 0.000 0.000 0.000 0.000 0.000 0.000 0.465 0.000 0.000
0.000 0.000 0.000 0.000 0.406 0.000 0.572 0.000 0.000 0.022
0.000 0.000 0.000 0.000 0.000 0.000 1.000 0.000 0.000 0.000
0.000 0.000 0.000 0.000 0.000 1.000 0.000 0.000 0.000 0.000
0.000 0.000 0.000 0.000 0.000 0.000 0.000 0.000 1.000 0.000
0.000 1.000 0.000 0.000 0.000 0.000 0.000 0.000 0.000 0.000
0.000 0.000 0.000 0.000 0.000 0.000 1.000 0.000 0.000 0.000

Action 3:
0.000 0.000 0.000 0.000 0.943 0.000 0.057 0.000 0.000 0.000
0.000 0.000 0.000 0.000 0.000 0.000 0.000 1.000 0.000 0.000
0.000 0.983 0.016 0.000 0.000 0.000 0.001 0.000 0.000 0.000
0.000 1.000 0.000 0.000 0.000 0.000 0.000 0.000 0.000 0.000
0.002 0.000 0.000 0.000 0.999 0.000 0.000 0.000 0.000 0.000
0.000 1.000 0.000 0.000 0.000 0.000 0.000 0.000 0.000 0.000
0.000 0.000 0.000 0.000 0.020 0.980 0.000 0.000 0.000 0.000
0.000 0.000 0.000 0.922 0.000 0.000 0.077 0.000 0.000 0.000
0.000 0.000 0.023 0.000 0.000 0.000 0.000 0.000 0.977 0.000
0.999 0.000 0.001 0.000 0.000 0.000 0.000 0.000 0.000 0.000

Rewards:
0.000000 0.000000 0.000000 0.000000
0.000000 0.000000 0.000000 0.000000
0.493100 0.493100 0.493100 0.493100
0.000000 0.000000 0.000000 0.000000
0.000000 0.000000 0.000000 0.000000
0.000000 0.000000 0.000000 0.000000
1.000000 1.000000 1.000000 1.000000
0.000000 0.000000 0.000000 0.000000
0.000000 0.000000 0.000000 0.000000
0.000000 0.000000 0.000000 0.000000

Non-Stationary Value Function:
 0: 0.000 0.000 0.493 0.000 0.000 0.000 1.000 0.000 0.000 0.000
 1: 0.057 0.000 1.253 0.001 0.572 1.000 1.000 0.077 0.011 1.000
 2: 1.000 0.992 1.599 0.066 1.000 1.000 2.000 0.082 0.572 1.000
 3: 1.057 0.995 2.297 0.994 1.571 2.000 2.000 0.966 1.000 2.000
 4: 2.000 1.992 2.619 1.042 2.000 2.000 3.000 1.081 1.571 2.000
 5: 2.057 1.995 3.306 1.993 2.571 3.000 3.000 1.965 2.000 3.000
 6: 3.000 2.992 3.624 2.042 3.000 3.000 4.000 2.081 2.571 3.000
 7: 3.057 2.995 4.308 2.993 3.571 4.000 4.000 2.965 3.000 4.000
 8: 4.000 3.992 4.624 3.042 4.000 4.000 5.000 3.081 3.571 4.000
 9: 4.057 3.995 5.309 3.993 4.571 5.000 5.000 3.965 4.000 5.000

Solution:
 0: 0 0 0 0 0 0 0 0 0 0
 1: 3 0 0 1 2 2 0 3 3 2
 2: 0 0 0 2 1 0 2 1 1 2
 3: 3 0 0 1 2 2 2 1 0 2
 4: 0 0 0 1 1 0 2 1 1 2
 5: 3 0 0 1 2 2 2 1 0 2
 6: 0 0 0 1 1 0 2 1 1 2
 7: 3 0 0 1 2 2 2 1 0 2
 8: 0 0 0 1 1 0 2 1 1 2
 9: 3 0 0 1 2 2 2 1 0 2
